Matrix 1:
0.844996314508018 -1.4171375725554543 -0.6064552967390064 2.1116723439049814 -0.11807793006863859 -0.7393037718407884 -0.5482329826634806 -0.03981828675164431 -0.7570644616272983 1.5033477861786533 -1.3065157629969844 -0.018265033556113877 -1.0948530539687635 0.4571075658238124 0.10488265211846028 1.8804991209601594 0.34417308400051067 -1.154664099223207 -0.6497135833057577 -0.05715354604625851 -1.0005696613498465 1.4116489260387026 -1.3593789812633492 -0.6357749601925716 -0.5523952944013294 0.08299588491441082 -0.9864796111042022 0.8582355129120989 0.2455350599814874 1.5147772953917777 0.6414090686158085 0.36924711041839764
-1.286212173721011 -0.4112188905084998 1.3739487441472273 -1.0817588142043426 1.0743560991463679 -1.4271732783015896 -1.9589010840728887 -0.4176502166489683 0.8774075827771841 -1.0241325787515665 0.8919559458157089 -1.1257935616980455 0.6785169869852817 -0.3231538909613869 0.7311555888040401 -1.900343679350827 0.3048950252524273 -2.542924426772955 0.14532310190453862 -0.3051442990397055 -0.19682553502840405 -0.5405655971618348 0.9783075355331375 0.5655837232962188 0.9482979559859728 -0.3743149177831252 0.7281269526430922 -0.0022482375455175063 1.5044121566304705 1.109857359131537 -1.2993000012615787 -0.02024523937109378
-2.2984103305477763 -0.22166078549472767 0.28501225480106535 -0.8306058673344173 0.20372368975295982 1.4633442836601347 -0.33156290688869233 -2.425907818516605 0.05137291259261362 -0.4031036002251107 1.2751475415284663 -0.7587377302359565 0.41382162077203866 0.6572866703639783 -0.3962031842026149 0.42051335779964255 0.1513763002128739 -0.6784062945046735 0.4784716398715675 -0.36122020404454586 -1.5192675257329353 0.5336835337498503 -0.1695829566147549 1.2505430431186153 -0.0731040861613595 0.08768178740912025 0.28597953437534707 -1.3645632116925406 0.35364926247529266 1.146008603623582 0.3317474208082902 -0.3688243547658536
-0.5371137266888946 -2.130705195288118 0.3006898788434942 -2.9405660932754216 1.1334201436421079 -0.5456418408233372 -0.6124871425423932 -0.18087365549226064 -0.875455161808613 0.8893393744486757 -1.7088756387165922 0.0026104795781232842 -1.3658958722994914 0.0741650242136992 0.8108571974643077 -0.7133424594074176 -0.8152006584065116 -0.02176644794641546 -0.5329385168146645 0.18398773090757436 -0.18367293419845 1.0707484327861345 1.4893487979021607 -0.813034313095871 -1.3633924746915667 -0.858186472508387 0.005330754240633312 0.2658201206210561 -0.8137556095433245 -0.6178838722930815 -0.5505226965816777 -0.023160033209944544
-1.889094281992246 -0.6131841088678106 0.7713695791405327 -1.613622204662439 -0.4206062145401288 2.178181455581154 0.48209503705943013 0.37072678439308066 -0.21548933143564744 0.42447397181988644 -2.057060954848962 0.2670324736848345 0.0057172792272261325 -1.055756220466719 0.5715331033938529 -0.3821753339249727 0.2573200346858583 0.10746977941269606 -1.8396988731744743 -0.34491262831550773 -0.7962515761799881 0.9252517820797049 -1.7402759864226707 0.9068807535978011 -1.7237981179776745 0.6898579253683625 0.018925215198851472 -0.48418519835529406 0.46226481398858105 0.7639816747621089 0.8488741625454481 0.45797926949838175
0.8980780457785883 -1.2534815049590546 1.3487902491400854 -0.249054598798923 -0.9736123627882922 -0.9722066876641757 0.8930092047349069 0.46595977531345584 -0.6551941010418947 0.659182592774887 -0.1809983423412179 -0.44687558974286357 1.7884529316053983 -0.7673172129238447 0.20845757109401541 0.6883246026465568 1.0430792318295723 1.7148014259707163 0.8233412204059147 -0.6526640830025554 0.5817527277268674 1.5205327596027869 0.2186792202664631 1.4776752834142806 -1.4965493512236272 -0.9656636920662985 0.4727911017708319 0.23338402757500584 -0.901070793014527 1.8358058143070464 0.147530722543925 0.03228807277937054
1.0003775807330053 0.6796994590551758 1.0430497565713877 -1.0015683900358308 3.0520291772299744 1.075250495849877 -0.41162308636469236 -0.29923762826057526 1.509561797322711 0.253595305770545 0.7525286140192515 -0.9429790161666207 -1.3551572909408307 0.45244011761093506 0.5003653595316089 -0.4372604847854966 0.21222201089570727 0.3727238407265687 -0.44244400714395427 1.0016839226720904 1.8012582314774535 0.017271640827012977 0.5366473004541439 0.5750746387177921 -2.092311642179305 0.34018240943848427 -0.2475188609299014 -0.7960467038224338 1.878217093526527 1.4512832477143394 -0.1694255240187795 -0.25127637373047973
-0.7862170689574627 -1.6634605074653575 -1.5231527795211912 3.4045488791578418 0.4183829822077907 -0.6619375185878662 -0.3908221229908765 -1.821019734548777 0.6990727930223657 0.14993553110137015 0.057299278116226066 -0.17575191656036349 0.05596224656308857 -0.8345394126637506 -1.2287460584577614 0.1420094220107906 0.274774718958984 1.3693717518809418 -0.3709008010908504 -0.04839372528294897 -1.4728438312964351 -0.08993000766822604 0.8804859948283122 1.228898716070757 0.24179344052042603 0.6227066560071643 -1.43897878459833 -0.6082153555496862 -0.31612585155065714 -1.560681661559534 -0.025737526750764315 0.2751023419664378
0.09150953065692849 -0.9095558030334123 -0.3589428470525148 -0.27058854838858937 0.10831692322660329 -1.5496415164974502 1.2767820944094321 0.608381022647373 -1.5590429315116663 1.2169221516580664 1.8143647813915462 -1.9250309671335315 -0.1340787740035428 0.10216985287984214 -1.20449764562792 -1.9205677271966608 2.245255360430945 0.07370271117999723 1.1334615656346216 2.0846692745660973 -1.007165201404488 -0.5071544239012553 0.7397645209381387 1.177767356532232 -0.4035053974701938 -1.4530232514653296 0.2565052891547053 -0.015371301087994949 -1.0966880171301632 -0.49894254134974236 -2.238791523881771 -3.467785534883553
-0.03290704288146721 -0.8328656919390087 0.6164268857887868 -0.8240945409278844 0.07478926607990699 -0.7637197866205704 -2.059405775733911 -1.173095896626919 1.0269981746191401 1.3824018786398222 -1.3415023092904703 0.008714175256454862 -0.048159018360787405 -1.630764025537946 -0.3482053284471683 0.832376611209037 -0.2780087207445879 -0.2322111867320351 -0.49608267225390235 0.6976550125529042 -0.12684592949021772 -0.2726730326726628 1.928020183423945 1.6864043739126384 -0.21224588212258516 2.0871355654618857 -0.7603685330908962 -0.902830271327929 -0.29608852789710055 -0.5424311002199429 0.835573537855222 -0.9355779238374515
-1.3813006782345485 -0.5689856263518772 -0.6002191393230847 -1.842429281899658 0.18615369712246443 -0.8004736621341263 -0.05257903312328585 -0.18837958411460393 0.2892937963414851 -0.6982568217861469 -0.019834372882253065 -0.407966266025269 -1.1959071168818631 -0.9805004276409796 -0.6918019770106789 1.2727087237509433 -0.15070879674727228 -0.6594663193084047 -0.1256541479079008 -0.9633881713238006 -0.44521383663264935 0.3624134452260487 -1.0687207566272523 0.5640243138610213 3.2349292106537857 -0.27459905012568475 -0.7656871027494805 -0.29393673057325853 1.1786407290712686 0.5579472773126035 0.6818217466068575 -0.11297416935683754
0.6089112639991758 -0.8031308488904845 0.01000040546210862 -0.3348261380570813 0.679400441788575 0.650187792205923 0.26543874250048716 -0.6618348792044992 -0.7827260529250873 1.630651314341557 0.4321467106738186 0.07405447853751494 -0.23973877032757732 -2.052779375979495 0.03101142628937978 0.5441240232480328 0.5526394400318893 -0.11627342693313394 0.50812130696118 0.11267995562932666 0.03868984795577874 0.561276402871083 -0.9498640386443724 -1.0225353625053373 0.5867446647879295 1.4258706234841576 0.7418015030215906 -1.0956691109023158 -1.6333696638460453 1.3085827359717086 -1.0506949762038664 -0.6499584146263923
0.5279608542834064 1.7379150508503496 1.5987274674565521 -0.9164681278099194 -0.6148293010215378 -0.8422923922072644 0.5356203381508773 -0.9872588530213434 -0.37665149012218196 -0.3814272098425783 -0.8499797365025569 -0.7421161487336986 -1.4815391468641685 0.35745836234171524 0.23971447068765575 -1.4541383296264774 0.34375159588844034 0.8320768445406064 -0.7045515214725206 0.06444940365908816 -0.07039645224039452 0.5851477801325597 1.2868202986460564 -0.21076809009179226 -1.0051651462775935 -0.9303631507738603 0.4143590380750887 -0.038841406527902855 0.535064281405288 -0.7113657589653277 1.105836633193686 0.060989268863683624
0.8212788368650041 -0.13181629375500128 0.4421609196532703 -0.4446654251292248 1.139893611014851 -1.3622275228661054 0.7505840959516221 1.2315736749259125 -2.3640191543101046 0.4700588169891481 1.961323542897593 -0.5448901775877667 -0.17345334674391677 -0.01315160700305422 -0.7658528906425789 1.6813475285996695 -0.43428961222813944 -0.13983233054275973 0.40945603463666325 -1.2690810879569716 -2.189477354043452 0.6282939660124429 -0.07064867599846708 -0.5578656449848415 -0.04966777781373703 -0.6459308400078051 -0.888225070996062 -0.4120310565997959 2.398475629772245 0.14283318603800144 -0.24681990621597522 1.8550945124083607
-0.5475992718058024 1.196989244863248 -0.021305874852253326 -0.17576370653813347 0.7902448956511512 -1.3643988128851507 -0.13203811986203462 0.7372597733058491 -0.1892159363345366 2.8277333944454597 -1.4074812080334247 0.9672131976907176 -0.16252299128579614 -2.211160298607884 0.35691363654215014 2.5503044090262437 0.10708371792215088 -0.19106435463722887 1.3258360712055732 -0.6423863661467889 -0.6097409356865114 1.0292077836566167 -0.08436683612126414 2.269309613116585 -0.6031842993755374 -0.3780438013235723 1.9140057854321848 -0.15689646281097439 -0.2604199029698112 0.8176468148531824 2.314648790037712 -0.9916881575528491
0.657460077232639 -1.4558307352362607 -0.07557204640845988 -1.139462583711185 -1.2261984648611353 0.2272395228409419 0.7430402236949594 -0.9201176261500218 -0.6474070950449577 -0.5406967315215416 -0.5625383450882562 -0.6393331591074121 0.11501161265753608 0.5902735520006556 -0.21025966213371527 0.3777641198003864 0.8480454720034458 1.2852154976303396 -1.8545093324834867 0.9617143500550472 -0.48534525995494016 -0.8211063780036394 0.26935660558355057 1.7571473048842883 0.2506003141538816 -0.5245185093194035 -1.2161427347678448 -0.0552159837680411 -1.7519281984766133 0.7369294916899761 -1.2960184922204416 -0.32027551239562

Matrix 2:
-0.5403116294686762 -0.5046956850342087 -0.7299445064873737 -0.6804074392502432 -0.5618838691050577 0.45889584690105123 -0.5552748633054676 -0.0273110109635418 -0.6758806872726647 0.5495705936345298 -0.5376854054941197 -1.6169981228192878 -1.3937461463992677 -0.8822116976708683 -1.6498360320392824 0.8776029506989181 -1.159369587404899 -0.71616073585454 -0.513830158987553 -0.5445963348125631 -1.711604217464026 0.14086884703884342 0.9783312393049561
-1.2437062356760689 -1.027603728951728 0.6739684430679026 -0.07562790297020001 0.01635757520789494 -0.09529514409948053 2.199321522696358 -0.17334425026743092 0.841826302705748 0.1536758744890881 -1.3127512059831206 0.5126432061231813 -1.10543067421326 0.9688447513169581 -0.5026001903986076 -0.03234299749911585 1.192427529086826 -1.746694950435607 1.0663497370333601 -0.027778534934306046 -0.42163925997047175 0.6146612702890114 0.024276910968616543
-0.2176177114098658 -1.0182293211636455 -1.0455914401756408 -3.164098408765761 -0.6430621699073938 -1.7496506243625223 0.27271270696341327 -0.3494401829092131 0.42347764334447763 0.7769316553455318 -0.44056583264367793 -0.14444228234490306 0.41585507043908215 -0.36994772274639853 0.8590799169672168 1.3734172855107911 1.7128093907511726 -0.32477602944853373 0.04291770061173977 -0.43560638546285074 1.2293045915945155 0.270309807148779 -1.620540720655716
-0.12218340399488349 0.5025606001396301 0.5576271620323616 0.27635307117411956 0.6872813805714778 0.6857511507708361 0.9928911923637318 -1.7906117748210884 -0.5220089137226968 -0.7912192254220927 0.048127989063535326 -0.19299647791161945 -0.8770318301100984 -0.4149446624370844 0.3987751308011514 0.48627057722153416 0.19786437963417017 -1.3778348640719675 0.49115606753619756 0.3414000393301288 1.6287111834408496 0.7141416443152782 0.9218645457236976
-0.9106136336891044 -0.6322169618786972 0.4067836096607172 1.2723221237958164 2.275442469872819 0.7180743733595988 -0.03954954873951703 1.5026903757295313 -1.1439273552603022 1.3923501585452847 0.4224108278174935 -0.09960634427847381 1.0094726366233135 1.7097239830538036 0.10008808321335504 -0.008194277786124284 -0.780240700271619 -0.6204914885899099 0.17675135165959466 -1.2735181425741007 -0.5239321143137903 0.48003256785528353 0.5684311216066681
-0.18010317946688226 -0.1060977986173034 0.8281154032245841 -1.3158482131018563 0.19456621428581075 0.11355305314446752 0.30905810188008553 -0.5390418971487632 1.7969623714094638 -0.465199395245825 0.1789824127687165 -1.4170193929766097 0.4475094412947834 -1.7230783469370947 0.06776896737662566 -0.8731404450586845 0.19888537027114814 -2.2767165787135792 1.0266723024182194 -0.6314401678964832 -0.3866888654390839 0.5277460236873824 0.5915075430080816
-1.374450453164919 1.1872602940518853 1.5435940663697911 0.07290819621095307 0.4566778220304165 1.8218199026825361 -0.24531310802084047 -1.358468837799996 -0.8268966728441562 -0.07268988592241964 -0.12209043288812062 0.3465186278930434 -2.2840333709422453 -0.9316607425309573 -2.073386810425903 0.372181559036523 0.3519125675474313 -0.790577576098502 0.11467950472820734 0.0697106915892869 -1.2539174531657207 -1.3729911366974294 0.43312931684402833
-3.5654919599102666 1.8569511085997494 -0.5326120962472215 1.756394018757867 -0.09084870304918102 1.1128609936046034 1.2149318747795381 -0.11325318674778857 1.3822434423322603 -1.8409182313042678 0.7263993874063117 0.10173362405429531 1.5907547045607429 1.3946531064997714 1.7914629746133934 -0.8203798128151555 1.9758266433594014 0.08951609102365958 0.03233832641197233 -0.623547444246839 1.8288134072784827 -1.2213953988916413 -2.09416842225984
-0.48984778394944023 -1.246843081239506 -0.5798080816296209 0.06623672081147909 -1.502545517502648 -0.24978212581845954 1.4639863773311252 -1.0644694387308258 0.403926546180342 0.3463601665033462 -0.7082599764848547 -0.5249106803113123 0.9530753140744973 0.2943985582180343 0.49383716843163294 0.0689193607690025 1.0958184177253114 -0.5484835970716734 -0.3567142846912572 1.195248436961541 0.40776108671628775 0.7433640226431062 1.2216735799136587
1.1260987770309172 -0.34947817063700914 -1.2421006796976768 -1.4949637006833285 -1.2463788345357087 -0.9746738841806197 0.9266660851764358 0.7219324661234641 1.8810439428091 -0.8405674865742355 0.027602341072701504 0.7486122437705276 -1.3009908916431545 -1.6224186303297734 1.0483988709543215 0.9975273503564064 -0.43974936546287047 -1.088605478354132 0.4867240263607463 0.3766444020136272 -0.8961657485545521 -1.2664335307586392 1.9748845560343324
0.009097347342233714 0.06430054907314244 -1.9640864240664768 0.8221720157511296 -0.9128991490678264 -0.11294388931097368 0.4591511943612174 0.5960138228992964 1.110740581943299 -1.2353297421716634 -0.757073947833966 0.33825345084599506 -0.19687518006226432 0.6426434523282168 -0.480438124623425 1.2928419609940824 -0.8818531709365213 -0.3326497263255404 -1.0025210918173575 0.23327883595687493 -0.08780427271162933 -0.9935684958604023 -0.47107374618203995
-0.6910956189235272 -0.5412765123070529 -0.3560559769688533 0.5348353629624621 -1.5781770242368207 0.03474208045528604 -0.03425641304786721 0.616338841900919 -0.048388964610125006 0.47106563335070195 -0.5588191604402316 0.21525239497216903 1.537682902594777 0.6227754925692276 0.7417280257015519 1.5613625304657923 0.06735722541320842 -1.1315124542952777 -0.610732255548849 -0.9816535248954735 -0.27354246385937475 0.7119779869370642 1.1714558728414606
0.7914602086986899 0.011347907872892336 1.5346663673797247 0.7434372794601086 0.01022897828711693 0.6409337284059213 -0.24695455831251437 -0.7267413785792766 -0.001805860424566936 -0.9633453177834786 -1.9818798543872886 -0.1633763960697366 1.2967189159709678 0.9582356488783357 1.1509166602225003 0.0882735147463228 -0.9458592808338232 0.5002454427224658 -1.2069103629031832 -0.4392861258073137 -0.22642503648458875 0.6343033624765338 -0.9229294692269437
0.4323534834301987 -0.2492658200400689 1.2282513619599933 0.7627394864896216 -1.341898399052884 0.2773710777636753 -0.7467337928877857 0.2534270900929461 1.2193464087902424 -1.577401760840882 -0.540125345615661 -1.4878630352111866 1.9270784826080525 -0.9550386750919829 0.592377415972481 0.20136216333431195 -0.6886279930985756 -0.24037054013907128 -0.3983048469017807 -0.5015169422060809 -0.11157331751209705 2.772376985238535 -1.8779118262632237
0.06366339399493004 1.0844055226779783 0.061561532363191965 0.03127953065740847 -0.27030448791558864 -0.04578794763073908 -2.156806756747698 0.25902898348183373 0.14180014299312543 -0.6621815168881386 -0.3780650084947627 -0.4857315691488352 1.1851234422856913 -0.9165387028703431 0.8861890007941351 -0.08186602463356776 -0.10036711430665048 -1.153476722472098 1.31626646812049 0.6429597654747367 0.7023445445977967 -0.33220033258125614 -1.68536663206532
-0.20068025444309087 1.1521005846177086 0.6689304236763798 -1.4078925584471094 0.7601662296768321 1.151505985853996 1.0561057683201016 1.3193026075887628 -0.3047196462098076 -0.12602776357117954 -0.004646783616326936 1.2667964131957012 -0.8969016239223387 0.29818270397723873 0.12057907269813849 0.8169837755042214 0.18605460120115916 0.5334429115879205 0.3039579939808607 -2.597885602982493 1.1724809293970053 -0.3707476344909496 -0.1287172956088833
-0.7526956603562426 -0.5272028966444846 -0.8384168956637066 1.2600292530395658 1.9601104570344579 0.05803349285451541 0.0948965991609141 -1.8370262358898453 -0.6324023306368977 0.6386598395222084 0.6784883155102486 0.1439602111196114 0.6286257792016011 0.1195028256401931 2.141532298035522 -0.3881153890765711 0.4368034837310461 1.1086248697125534 -0.8444049766926247 -0.24969086250322778 -2.5770453024883726 1.794655461782833 0.04393504636737058
-0.23806253023337617 0.24384095690335028 -2.9816145907607803 -1.5351026314733178 -1.2978754751913695 -1.422318296545081 -1.1483523218957794 0.8229317621439818 -0.6398006296775319 -0.06965398008872964 -0.7909664877813656 0.03904785414805707 -0.8530691692104401 -1.0687232839483214 1.7632321865421732 -0.7239742065148926 0.9897784193460354 -0.96110113066477 2.001673975273535 -0.38687582812724786 0.17467833424055026 0.26604888319300984 -0.3145961501912379
0.46845816090017955 1.6741660916517485 -0.7966628913797772 -0.3504550210991587 -1.965479925464972 -0.2061376691176757 -0.292744250824602 0.5837081063187126 -0.01916641569662887 0.2550604199569203 0.1857271139638356 -0.15738301067811378 0.8596374846637649 -2.2946939738254426 -0.19167667539747407 1.2014621350139507 0.34114664917968723 0.4575761840425249 -0.1646679403560941 -0.003938281232939584 0.5107051314828682 -0.7221922399117152 -0.5280285675792352
-0.7399073150368735 -0.9466457937272209 -1.6643028774664899 0.8716616287110757 1.718962240883991 0.025605093865603064 0.6822446783309409 -0.0011652411977694289 -0.3617092628700286 0.2113850788295593 0.9635183854894519 -0.6965992749911476 2.064184133366306 -0.7757359076311768 1.3770340037766653 -0.5515325377362317 1.1779462491010109 -0.39121430234841753 1.1829940500578562 -1.2659453651451678 0.7421429120746151 0.5313652576877329 0.7145969496144272
-0.03624238117096255 -0.05224109787067158 -0.9995599140122066 -0.27510634830469166 -0.3522659394046921 0.6133924178603569 0.041771496421686136 -1.6767398479264217 -0.7313353805522333 0.11562457520692661 0.07608454016296365 1.4322790222000767 0.3079981214196055 -0.35301460191178935 -0.17345752829822228 2.3695507463673144 0.1225584528829039 1.6664723186956971 -0.16961498354236637 2.2608556777764224 0.5545267540608032 0.7357222829881356 -1.0305354129613387
1.518141810022003 -0.6260978462188729 1.505724871417043 -0.09978089832049232 0.4603628029495849 -0.5061000969245033 1.6878464190602291 -0.6746884769972288 1.4960439028482708 -0.5809931208128364 0.5174468821298268 2.0811678823435904 0.16788959300349138 0.8507903001089026 1.3300643072844192 -1.070912460110569 -0.0835855529714292 -0.5137658252488273 -0.6113855169321473 -1.3106861992403842 -0.4653043453465177 -0.0704031873402334 0.5222488628302577
0.06963772898729932 -0.5423173428054179 -0.9048678476371994 0.4554792636434674 0.29437254507622806 0.7869503422499791 0.509269510906962 0.17214701537025937 0.30563205060022175 0.20370042362524682 0.5583465766567924 1.1603070623593215 -0.05833643251376587 0.773099624363275 -1.171425397817057 -0.3051594810471025 -0.7864191046055226 0.9975933711222865 0.9643008781394838 0.8938894214767619 1.1666657663264892 -0.5588385491401667 0.020998513985691806
-0.28396492294277864 -1.4351260064374174 1.8365760213139282 -0.3717709272608599 -0.17773225245642413 0.3827071429894303 1.5636730043901594 0.9626879747876176 -1.228672609483066 0.5635842252063846 1.0893367053538 -1.1604948256088787 -0.9664059048499142 0.22897372985275605 -0.5542720541017742 0.17182422936502995 1.1861166500395437 -1.3093427875747334 0.8354522685776897 0.20869213654531127 0.9534483291438084 0.2793172038754661 -0.28841318190430304
0.2896550744332375 -0.5819872803562556 1.3675145941515388 -0.6280157298319361 0.015828873714100713 -1.0556966121778226 2.1685047911936612 -1.3722054424546786 -0.2149628774499617 -1.7708837634168726 0.6920628381448514 -0.4247328883623164 -0.5240275428255079 -1.1539126229029464 0.14444043983812216 -0.9948063143639172 -0.6389525054255785 -1.1096484174223107 0.7417105534915447 -0.16306187593402421 -1.2814401696867712 1.0319914599946194 1.0270750741990038
0.7748730201670577 -0.1571576980996008 -1.6267388491309838 -1.1975583238651741 -1.2485789227069284 0.43051401190759725 1.3927708778425971 -1.206130192095961 -0.19818519655667335 0.027890979682391147 -1.2342957783454145 -2.712723595033289 -1.6727057227104871 -0.42403174943320365 0.11454984879445838 1.4086601373490353 0.8325746219535991 -2.0512901727300488 -0.6246951743513789 0.5177536627474033 0.1047937211978219 0.8072828791406447 0.06485191434656204
-1.1411589885374864 1.1285652149982628 -0.3035221828433187 0.7355453406623085 0.059775851016704754 -0.2564054398099209 -1.7061989142350005 -2.123943500385734 -1.6375869135073768 -2.1267885297928824 -1.9484246507527734 0.24598362426038858 -1.827329608069931 -0.5972924519493176 -0.3762733852339409 0.02134898279972052 1.2901105081047557 0.9228025316012657 0.27388044645567194 0.6702748827516825 -0.7891379673165451 1.12687080274726 0.41959192716281357
-0.6109666141114811 -0.37418312637081835 -0.0651959545265397 -1.9370641939902258 0.8963240337588159 3.0509983291126597 -0.40556678979421307 -1.4838952167400639 0.4525766297750279 -1.0502823365375162 0.9481045116039803 0.07501515828751659 -0.8481731883340244 -0.013630639031896178 -2.2662942982832197 2.604477752167363 -1.07057159420649 0.5714766489535941 0.9438026888458431 0.6885241154989593 -0.3754209798228423 0.4701672282203715 -1.699451843258433
2.334849066666475 -0.04907780029897926 -0.7338206658397318 -0.5768226584148652 0.02878539137285005 1.4381911532176626 -1.766480769936055 -0.5896882021763337 -0.06073672720062503 1.4934006021666681 0.019803966677695233 0.7535139149360379 -1.032861445675365 0.13253567988762807 -0.013024256349781247 0.8573657584680154 -0.9617886618306034 0.31550090210402726 0.3683558237751636 1.4837675759422897 0.7358640356310171 -1.2629838447084256 -1.2851874844661855
-0.6712582426901887 -1.413339035005988 -1.1455458979765745 0.334090699426977 -0.07510632776476593 -0.8184912217865556 -0.4849587374611075 -0.7888690482820958 -1.469353809006087 1.300374531510715 -0.17389121445126018 -0.26434420612198267 -0.4894816618879766 2.4329022965572946 1.069654930954874 -0.7196975007637787 0.9879879154659633 0.2252669188326986 -0.3311995471617718 0.6909803197237511 -1.6038277430391683 0.8650495280024502 2.188799372615393
-1.3290728945661163 -0.18324926927339089 -1.173621139411943 -1.2745474033661568 -0.6940798015030468 -1.1119028917838334 0.03390525331934929 1.9910742465266422 0.10031467609599994 0.09335942763163428 0.16719209990971 1.9865003882498917 -1.718439041910199 0.09508109400149065 -0.26793402229413293 -0.018040023780572297 -0.017771103513788435 -0.9293245021495196 -1.2509121520314097 0.7948147466982187 1.5749511572095227 0.9613741697334319 -1.0133667766126333
1.0741950071980426 0.7979400713513348 0.19783934690943145 0.6844178159736275 -0.1423408318315193 -0.31965353257502327 -0.6909408907732842 0.5613204822509564 -0.27584492308946784 0.42823455009687794 0.8438342914309618 0.37678889395290455 0.5376342249312855 1.8559029426773421 -0.9771733204706947 -0.6399676346338758 0.3669163624406101 -0.41438415484999463 1.6449961890260025 0.23035877446819425 -0.9576373643569311 0.17847314976219147 0.5176133921556401

Matrix 3:
-0.010672131716513324
0.9269159023146941
-1.3677981182118313
0.6254287552447308
2.2840374807588626
-3.2176402310227075
-0.8619556252685803
0.9941685917043402
-0.7380473006469825
1.8148965535516193
0.5857613589930167
0.4113888776779657
-0.3603846711241242
0.7548140809407192
0.05256758527738519
1.0233338372033343
0.183242275911446
0.9246966750171186
-0.9336939038811497
-0.35817176004743007
-0.7651697671102927
-0.8184450597417459
0.16949321607844992

biases 1:
-0.5795800597340517 0.2711251248429528 -0.7748205000540351 -1.502115700601976 -0.3834570544932613 0.8406448808317911 1.8208271339374837 0.8981368912840428 -0.8214128617166593 0.39345669486148604 -0.560300940742632 1.1167794974563499 -2.1323345404794316 2.008278954648773 1.2334480232787832 0.08885316151011087 -1.679150830890712 0.11330142172530451 0.2591143456924368 1.1016644106196685 1.6470692261698927 -0.1413154865861727 0.5290561357857416 -0.00014127220996951184 0.13438799022522432 1.0509150577685524 0.562619071963304 -0.005715616067711107 0.2903661562552014 -1.4318586199518915 -0.1791304159026725 -1.0703341406691842

biases 2:
-0.8926348039073738 -1.0657797223232393 -0.9218559785048844 -1.7481691002310527 0.2800353452163793 0.1282237641391587 -1.0631088041194965 -0.17892510094943623 0.692142619975062 0.19076261451008186 -0.4530839805591762 0.2710342882542133 -2.814191532200424 -0.2595588852009383 0.8237028476739342 0.29988543373021775 0.6137957834555797 -0.5032206304757818 -1.3259342002517884 1.3717975877389856 1.1938640514488275 -0.0762475822239088 0.7616048951241361

biases 3:
0.42450910227548416

