Matrix 1:
-0.15021144676249432 -0.4359577131385365 0.3176772918017351 0.1379118613375186 1.7068475504386225 -1.814513168173228 -1.1993339381080976 -0.3041162178605983 -0.5660079383607679 -0.5869919797006766 1.315804424525087 -1.2012058372023056 -0.6634609139511183 -0.2562407111933774 -0.7667393891358298 -0.8265624510442946 0.540713975097255 -1.0514743599542318 -0.41419836855074077 -0.756724444511589 1.5524324368486484 0.9540091941424949 -2.4796344722384296 0.5938074535160472 -2.28034704515218
-0.9513016938748579 0.7026299941789308 0.6717903625926116 1.9652305540945891 1.5671069916339133 -0.6944887453438542 0.6077171945413344 1.3374629466513173 2.3602612491615216 0.4906335994240584 -0.7159657631259244 -0.022776502899973766 -1.6688230479947028 -1.2233512280574992 -0.8556328549822775 0.4453772151804677 -0.5178746888090112 0.3101081250466743 -0.9594556348967964 -0.4802392367309474 2.0970075120284197 -0.051525891373896876 -0.002840519529148447 0.7667837448357887 -0.19826941158033243
-1.3161683743348331 0.9671189082297089 0.38902909001306707 0.5042095320735461 -1.465945498098319 0.7614987977678866 -0.6755448285532051 -1.0899135246112157 0.7928703335220547 0.5247469653388632 -1.1591878321898101 0.3966814342662709 -0.25199497809770716 -1.4644497927046154 1.1417749958890735 -0.6045799542927337 0.8454469394552021 -1.0327733625597657 -0.6495985557516808 0.21945226509837507 0.0929015348627896 0.9148303318508085 0.9234387383849377 -0.6810647128756961 -0.5556650065667504
-0.7741154144099855 -1.4028583223825555 0.09150424299508017 -0.1382843573590976 -0.27953821432323656 -0.2671165250414216 -0.9618026930657164 0.923258860546961 0.9617901259123568 -2.162924651270798 1.19042444204662 1.4430939530455702 -0.5831071315473214 0.19654430556084754 1.7327461079211326 -0.7324879312398185 -0.8076925752187689 -0.8350681230152623 0.7455081563622705 0.18641455418719238 0.7498984804110677 0.9044840234210518 -0.15547800604420076 1.1918315182759405 1.536801381074836
0.25067910892076395 1.927908505216581 2.238128285280666 1.3106083597917002 -1.0321819345386751 -0.5394423014664943 2.3915918224515504 0.17335459780976306 0.07651246926836641 -0.6280496207026718 -0.5790105713211706 -0.04328920023554708 -0.35517011240466717 -1.7548137355850146 1.370247600366868 -0.8229367299274556 -0.9302790190332483 -0.8231546988944477 -0.9540684186346211 -0.47759603311214155 -1.0485717267557166 -0.08243883829132558 -0.9582742656456548 -0.4188146671568723 -0.5582553279352344
2.163777795745826 1.6336427609731843 -1.2149442707154954 0.8016626607417895 0.8240429515167791 -0.481431769930668 -0.12174033644941758 0.17450495840143115 -0.6660821803687881 -0.284593916506674 0.04562511302388576 -0.04937619164794163 0.7578118770133286 -1.4738612766747865 0.80117666553763 0.4557849822351317 -0.8195589114333807 0.12131595389027464 -1.6313420315772493 -0.8144476796469167 0.12323931820664942 0.8660476938785406 1.8221094276947423 0.5435668113921129 -0.41808315300984833
-3.0817821341649383 -0.06227522502311705 -0.41749612428560284 1.5358718558281246 -0.523739313892684 -1.2170801055538543 -0.7335193373933521 1.1629135446296004 -1.6166050364629942 -2.3999838499673283 1.7639518533589804 0.6162547239951466 1.1325191777246753 -0.48812621805903805 0.6783737552612297 -0.2596115695832909 -0.10568597410245208 0.7563964650202347 -1.8817694816048565 0.025929927629756863 0.4045855932287454 0.5943038687998374 0.6828068129868423 -1.5080300879033577 -0.4549651242413959
-0.5727708078884788 0.8594775801506032 -0.8512224101030075 -0.014956234173557056 0.8731371060467544 -1.0381662161726115 -1.0993355228810529 1.4198212365452918 -0.040813971431800516 -0.43583113078795427 -0.9307938508740555 0.33807296257823694 0.04189829310012199 0.40365219695276167 -1.0988528224392824 -0.9449882096006303 -1.0971355603855297 -0.07306005535259255 0.24153657406075954 -0.15422257240768142 -1.2303995968088235 1.0076462536329458 1.1050927190536888 0.4320077790183804 -0.6982645889293908
0.7052907708905422 0.020562358413326 1.0999210474090029 0.36892530878147295 -1.189573027092794 -0.005227289005507514 0.26093899579804924 1.0552818669981663 -1.1847931837078405 0.22211416879606713 -0.28831359251865546 1.497927741975002 -2.1729561413659226 -0.024535876594071956 0.9039493847191946 0.572668835285479 -0.36135064489398266 0.03888887786623979 -0.7648704788617122 -0.08780256854194482 0.6572837929346905 0.8935635405572745 -0.8020091358318693 1.3819267681245386 -0.45314215574764094
-0.5347360410045378 -0.26854327858007526 -0.17734905732968648 0.33526801309367216 0.18875246536002174 0.23307549661052282 0.6010666027475816 -0.2509270393552193 0.3051301434369286 -0.3154393307747239 0.10488624471798715 1.1573844971433163 0.22487878328681418 1.03722239923934 0.18270471774307934 -1.1755641630977227 -1.0761682282314085 -0.9740199155631006 -0.4486609850928764 -0.7719785016726958 0.3130941199059749 -0.3469474510516636 0.00021323198771053264 0.32600864672715146 -0.9712448736778991
-0.11789368127517333 0.6611970931790078 -0.6671316522460957 0.4559388526890813 -0.9543264156152635 -0.8702211429735103 0.0028033161933063433 0.7002086684956206 0.5410757055820489 -0.854764106557626 -0.4001052305363536 -0.576291529000314 0.11557142848787688 -1.3259207775514597 0.9235205560609556 -0.03869814383362933 0.43796676542625435 -0.8496445050562602 0.2537907717869863 -1.3887966655458235 0.7582622659150207 0.2923646803990239 0.012643778014373011 -0.18068016638339768 2.2114709236522914
-1.865948800525244 -0.46728635067069324 -2.5374195755776134 -0.8176020558078347 -0.3851456479402766 1.0397156458765278 -0.324650337795742 -0.5852503238792314 -0.3241397806848218 -0.9956720851772606 -1.045443169870052 -0.07572466585071083 -0.5249890101223711 -1.2541897214886701 -1.5017416325762605 0.8284698554803993 -0.750801730278256 -0.7874007503071233 -0.3256886732457771 -0.320541613986308 -1.1250108063089477 0.44647920675126657 0.7011837902531156 0.4501323218547294 -0.5584818244502489
-0.5189667161417815 0.27436902224385584 0.17799761698721084 -0.09999466280050079 1.894689738141788 0.02814562968420936 0.633288071171238 -0.848441824611817 -0.2660275449926419 0.7530349302980454 0.9015682497634407 -0.8339118704516086 -0.3258926715239204 0.402261890187242 0.3616347395830498 -2.023618871783917 -0.7855384062232879 0.5811700408111543 1.047395657258554 -0.8828710969276676 0.5887620694771318 0.9052232176187579 1.290553799847837 0.7255394055708755 -0.7514322008933961
0.6087109120316117 -0.306216951263363 0.7158854916139882 -0.1321887180194222 -0.6361381311161445 1.430525403211214 -0.8128121251653733 1.912562451265993 -0.4664483862286984 -0.8660639813902048 -0.4198107030938558 -0.6342181033453806 -1.1975852208081434 -1.1236923772259715 0.6986287917816587 -0.9234836301295687 -0.05602216299509638 -0.7658178219190591 -0.8729640362763018 -0.09182584457226503 0.9228659694666285 0.3704525998763689 0.2883583611173253 1.3648333223363383 -1.2167643376291415
-0.42746347766386683 0.13198872539696724 -1.1691976002029225 2.5154566123583644 -0.2517039839982118 -1.4244928784772404 0.7866259709621962 0.9402779205181234 0.004657806423521024 -1.9775865798204157 -1.9533850993398085 0.4562722869196087 -0.7222809554860914 0.05084492064157009 1.642297586761377 -0.3142674534914958 -0.9443395525129494 -0.3226255885084298 -0.10902578612225616 0.18625127913405456 -0.15286262405031434 0.20017069966961945 0.7615075583498969 -0.8329008961190288 -0.8425574546758932
-0.5359192289718511 0.1749655055099123 0.8216943718916007 1.455298426674253 -1.5193669468837814 -1.4675281603717951 1.6875811611328082 1.586610692710654 0.702100187206573 -0.22943703672368504 -1.0755380440885058 1.3169232365766954 -0.7545280744199347 1.3414657328761248 0.8828262963330482 -1.1892727767290727 0.2940564063142383 -0.46233940990821737 0.14742918552790857 -0.35119794396349857 1.111166728975289 -0.8869976650337097 2.76672847472416 1.4026386049420454 -1.833467007200554

Matrix 2:
-1.7601664204147074
0.7000922417055145
-0.33065846740970545
-1.05300437347867
0.026606486995705534
-0.7664743639965437
0.27659638424842264
0.6832855178868203
-0.10588566272415702
0.12539165262536756
-0.452758963700467
0.14490387226153809
-0.9352276909481265
0.06790701654514082
1.3103590298920589
-1.1242444318808904
-2.3612382915308014
-2.151541432196659
-1.653491313721083
-2.2383503623423575
0.4620005587853153
2.6036568486731353
0.590202401284126
0.9443759765611572
-1.283547818952396

biases 1:
2.3616650044417535 -0.5539697751156485 0.5053065633928133 0.5654814085385484 1.2120134971866412 0.010532300942660014 -1.210903618730138 -1.0541503699100476 2.9156413805162087 -0.6300632043176129 0.19474801036650974 -1.0783182751977627 0.8116496130997976 -0.07660709480420479 -1.0368613643946194 -0.15985123750470376 -0.1209567127949095 0.8351022321138925 0.9661715380631797 1.7545342684450203 -0.41780723778750994 -1.9412739848941571 -0.4718603259424067 -1.899154463962462 -0.3098079178171542

biases 2:
-1.6620073006750682

