Matrix 1:
-0.21432418948309592 -0.3395855983667654 -0.298075424956892 -0.3874215930717455 0.009446818533917628 -0.6754702751720667 0.7809047576372004 -1.3629266724721694 -0.3317311694125814 0.5296916645962385 -0.10296993653732696 -0.4609276382443823 1.1183007316291713 0.6244526659824137 2.096405958631682 1.2715271546870426 -1.166693550853692 0.011323041433216996 -1.6109999420437557 0.10615278111133772 1.2318304949285412 0.48860201032973943 0.13431494432110463 -1.5680560432130677 0.6701299373142642
-0.33793052939553003 0.20696628142628382 -0.22611285244649854 0.7511757644901516 -0.18405120116819756 0.4177242773491696 1.327035119479195 0.421189594077679 1.3100381334777929 0.6451469366797913 0.2588598626180184 0.020717912656523618 -0.9587673131131869 1.4631504514193394 0.9128668256637446 0.45033145061886704 -0.17972669469186112 0.09760784636167819 -0.24141738186717535 -1.0585203821999547 1.0105858462843627 0.3768351114383722 0.781969016320852 -0.00522387505304632 -1.481301808961457
0.956022249262894 -0.6983489361223056 0.1227203161178467 0.4673506992976474 -0.7214143241715137 -0.8347218758649557 0.2681744692403739 0.9768993967396145 1.4999664684651768 -0.7542403173288068 -0.8138927316948161 -0.0881473796345622 1.6997006953081042 -0.35992260294798645 0.8268508883356526 -1.0608261033657882 0.7669360064316637 -0.2513352584562519 -0.4504964649578196 0.2009072078611186 0.6627967188963634 -1.2279983006877873 -1.2234958083658283 -1.1894979857567478 0.3681814652729518
0.6736138548186206 -1.014259560621986 -0.34560897804712803 -0.26810269799634334 -1.4787688133923615 -0.28324323694915265 0.8714216276467263 -0.6526937319857301 0.7296961217863565 -0.7895011054482516 0.5552288957671234 -0.9300323927027064 1.9692600858957074 0.3631652765764529 0.5457537949647744 1.798959203843839 0.07998364204558842 -0.007402480854037191 -0.5919207087443549 -1.7603118848750479 0.7416504215322052 0.7097229315297396 -0.8186971281848191 0.2359910260873057 -0.5069725690137652
2.0783135189103117 -1.2898534161162716 -1.2734590932397694 -0.8042564520472996 -0.9872793571981053 0.5580089690999073 0.25420827543343394 -1.0026950805831873 -0.8838532622660051 -1.3195940781569695 -0.17160593710652322 -0.36181594053439425 0.43166849478904923 1.3465206761949828 -0.06593216845390869 -0.3343738022119408 -0.45756205213708734 -1.1042242475326076 0.7519420988457607 -0.37884368076405 0.032568396400085395 0.4194580555464661 -0.0028986750462760766 -1.465846463676458 0.2935063986912271
1.3029753935503228 0.13277993063426194 0.09738178796385556 0.9985916743805693 -1.925985228061467 0.08413931145097384 0.5826511568890949 -0.30715303665404325 -0.02382133519349236 -0.6136526899278523 -1.802979925626871 -1.1438849963563875 1.2096429086484293 -0.6122817517367857 -1.4629712033377362 0.09636069808019476 0.21282940135019768 -0.6367115092079836 0.4108612129115367 -0.4688786977446349 0.7949426708882023 -0.1981145847277539 -1.899652766227389 -1.1484010737182442 -0.18982070205084567
-0.9538549938809466 -0.5278459955811474 1.7345371907495832 1.6330218453316492 -1.1692005568322743 -0.4228321532660894 0.6526665908131208 -0.13623508701223322 0.5558917815796979 -0.4180085398485983 0.25748348924791187 -1.6159103515125115 0.5602840163077973 1.617816709696423 0.8858431488935471 -0.5832486545969964 1.3885276179047583 0.20901931715734767 0.09279740225259606 -0.9643903947461709 0.5935542770247468 1.3721315534569156 1.9245730040786382 -0.2184337514312052 1.0203781883204903
1.1451859214427238 -0.34516971579299255 2.0900739324921265 2.282170994189129 1.9972086938543048 -0.9276797629462 -0.6926810440211678 -0.14183443110871585 -0.07949040068464491 -0.9821972009694283 0.05135239737837824 0.17092987335479343 -0.6046502076762101 1.177385439000468 -1.3917163068771607 -0.6749057716585721 0.6104634759486424 -0.07874988720608704 -1.2404851386305682 -0.33289434677609564 0.14090058845033077 -0.23583823532890036 -0.37785165079292565 1.0228506428334059 -1.0019085164738384
-1.1533036685887526 -0.1751031733236451 -1.3761179659224745 -0.8850669800118569 0.4195978902216962 -1.0581888960179935 0.25035170846530064 0.5863256735780794 0.25706692969138184 3.241303339115156 -0.8850727399195383 0.5143706099997403 -0.8594912542368325 0.8040091028321792 1.0390380792016625 -1.246444199719859 -0.025516352629459338 -0.18819412312539655 0.8930478969371536 -0.25697151848282107 0.5175255769935085 -0.14133934202931 1.4049139583812715 0.4186565231568212 -1.0468179387758003
-0.22105309894123248 0.4201315887646826 -1.6633838353698933 -0.7478760447746832 -0.4282941152565685 -0.5967266204751935 0.7915488891947174 -0.4574562738320731 0.8155053022098128 0.2769738427530489 -0.6954916855162359 -0.35560485432738564 -2.5655498838534623 0.37423167643615246 0.8183633100726345 -1.692328251703114 0.3174838547652032 -0.05747979620772213 0.33286002474626686 0.11584476584554405 0.393787824569525 -0.9587439700770336 0.23012821030153102 0.43175045953517366 -0.34115054334382255
0.555866882727453 -0.16872929400481185 -0.5122519991212285 1.5841948007565174 -1.929393170127941 0.22269253304437842 1.3351031887381464 -1.2976589027943115 -0.7610605398476046 -1.521482802429347 0.1560254295933395 -1.4665049314927365 -0.39915502899908917 0.5039072687164391 1.9009405331748703 -0.8835978238131085 0.32820093222414726 -0.5981638438741624 -1.2118839651668398 -0.632369506237886 0.43440579773329896 0.7901047989139902 -0.2727689438747231 -0.07411869822486022 -0.36933804233049616
-0.5315709547849389 -1.6690972827639103 -0.6374757493220391 0.5789682606141099 0.05595099118602567 -0.3329496417103845 0.5618938777083182 -0.34022450100960894 -1.4858406651167713 0.20492492288544384 -1.4866598322733187 -1.1545872044192518 -0.17980910809747744 0.6673571782484149 -0.7985871467493908 1.1036962649701652 -1.2175025152380203 0.35648087987830085 -1.444756492212546 -0.3159312980261232 -1.8373691059894395 0.7924845749880159 0.16043538926471412 -1.4324508125602395 -1.9378924141342155
1.1598913767026782 -0.9188945292224713 0.1873581339000875 0.43485768193388374 0.5689846301892811 -0.6352926499377795 -0.5306574793866594 0.7780044831079634 1.3986894214503665 -1.522231916864671 1.5665392746439692 -2.3009661421484457 -2.4545784796337933 1.1132708046534976 -1.1065500087820244 1.4632995994847273 -0.6600733016287282 -0.41219115521768257 0.3635166910188051 0.564934822827741 0.8861944625300081 0.8652339329921921 0.07496412872709601 0.4521089382903175 -1.0169016138121374
0.6875579529046334 -0.12608036368606954 0.2945804897428492 -0.52971455169791 -0.1723087664060956 -0.31059181155208326 -0.6628370092554872 0.34597010842830644 0.9140630420521452 0.8364081162379448 -0.1855365482503904 -0.6159511045207924 0.1296373261134216 0.05840545145235812 -0.9380771268725715 -0.0734360025870548 1.643645365169017 -0.45729772829960313 -0.29018753532182817 0.09607310255021484 -0.13113323875879887 -0.6618513146916953 0.17323384771950506 0.42706853561493296 -1.4801829106000715
0.3686180227814059 -0.6479125712351651 -2.6811740167337237 -0.7738875620438334 -1.2662819962341554 -0.6206656666391122 1.124124149991576 0.3138216942628035 -0.06538530436254467 0.2251092321800662 -0.3538260084166343 -0.3226973880272059 -1.3003436294618027 -0.3569737980405507 0.7877735906133169 -0.8304374579545125 -0.20765379248417445 0.04749564969216915 -0.09906203337554229 -0.778779890018883 1.6351190495749999 -0.2681602054908926 -0.22220937842437222 -0.9735243984034138 0.18789036180455904
0.51422007193689 0.5868038835134648 -0.36866771781375857 2.2925166010527382 1.0990219857526586 -0.8653006811933106 2.01259133207165 0.08665424453306975 1.1191397073977298 0.9099856032974946 1.6918730841330283 0.36057874356387737 -1.0993348852532343 -1.1224191164568202 1.253908869900717 0.6775335964179034 0.8514921002583888 -0.7198287915787228 0.19671580864211047 0.11156781761891636 -0.5375232335994505 -0.9219429307617122 2.4812228181230167 -0.6604692669990425 -0.6752581666867773

Matrix 2:
-0.6792460927992366
0.9545086226310049
0.11211732135413331
-0.8631923091965593
-0.18706361974849559
1.214916082177779
0.20006430332649086
0.5869194562659138
-0.7333791967601043
-0.5303834023705538
0.6663948312016297
2.2071513963983413
0.4129778320919301
-1.4988846348890024
0.20857290260275466
0.15912438815181162
-0.16837757927032873
1.7339013217387311
0.8964491979344379
1.4110793455088204
-0.7663879491951223
1.480228621817569
-0.5322205042528186
0.9257377914445207
0.579054476671884

biases 1:
-0.3195156412751825 -0.20349611596731249 0.8101314858440009 2.0056428158132267 -0.4227391090732749 1.7458725535456712 -0.3881116964607378 0.193357925593822 -1.4878243984785282 -1.1017848903754768 -1.3027479614330209 1.8578419984625816 0.8236970680380424 -1.0229846676892358 1.281676706500422 -0.44744775828800765 0.4198719373327534 0.6550364648362479 0.8908904790899375 1.5014152348997116 -0.6646395812017284 1.7230043281738814 0.10601841253856703 2.2519046280763866 2.185087683035728

biases 2:
-0.1811710741668322

