Matrix 1:
0.20217522512973868 -2.202887673501432 1.3801153391420116 0.872079642778141 -2.341513817974804 0.643000764508087 -0.14383990413916553 0.890571495794352 -1.6743180402822675 0.33859443700823966 -1.9179299879990335 1.48768090469472 0.6148935664947776 0.4370955981556335 0.43445055829558615 -1.769066344134292 1.1499088021529218 1.4894706765008139 -0.5479575160537655 -0.5126292462845895 -0.38045324166313155 -0.8967420818898426 0.8234928653221334 -0.7271555964371084 -0.26046155870014825 -0.46517906331832254 -1.579950167294779 -2.2791797420783486 -0.9115042609017687 -0.708982039583495 0.07733416004785604 -0.5170313883368265
-0.08937831641169475 -0.4194878459312888 -0.41364667889134565 0.38464206222926073 0.7799741787365267 0.3913915073557928 2.0423475472208463 0.697777680296772 0.807447722503663 0.28649118088041825 -0.4719008790652148 -1.7337517691580275 -1.314427234789779 0.3528795997827493 -0.5100434199745046 -0.7463051544076673 -0.28253085786520776 -0.4217922185021854 -0.016905463023031975 0.10351515764781749 -0.41095513489013824 -0.9316224362421377 -0.6980324457825191 1.2515010300171496 0.401969674986305 0.5297652442300863 -2.2657823024387453 -0.3905299064009322 0.9202680674482849 -0.21073391323469 -0.5717182350581171 1.1664382928877204
-0.5070347586970885 0.09171749452742968 -0.33350893255898756 -0.7399169770977423 0.8836705210841352 2.11008550383106 0.39284514822319927 -0.4521696491297018 0.22927953513271215 0.9118903927441724 -0.7743801338977861 -0.23619404722012335 -1.1141447131581659 -0.3421205599945586 -1.256123550182485 0.6519683427205648 1.7061432116358994 1.0694759959342224 -0.8418610920522822 -0.5823620537249077 -1.5011138891996731 -1.5383884922993578 -2.208822653829696 0.3420750097735562 0.3056765461461147 -1.4711400662259009 -0.07373378530352935 -0.16563258566461367 0.08666149729810942 -0.40126547606788165 -0.2879041119388434 -0.9491708265022515
0.46873312063544154 -1.039756567838535 -1.045595689297591 0.364513499236781 -1.2714871797146576 0.2188379588408213 0.4867542695729373 0.1478600754483439 1.078520038318258 -2.7906330058621296 -2.831541417253616 -0.16305138635392274 0.8430294777330689 -1.4594267246922519 -0.01923117701929923 -0.4218260384166198 0.6869403919892247 0.1731508209216268 0.4535111393694682 0.10808539335782025 0.8229670558309037 -0.6593168497060643 0.4906466324288302 2.3822516207640003 2.870464917747549 0.04818596193441982 1.1767257389681625 0.3610931404862781 0.6399389907115521 -0.5617531529810191 1.5162990548032462 0.003418557272360581
-0.6308650253722561 0.6912488963355471 0.9128005005248021 1.4222270104153723 -0.1981086369558001 -0.022228048292949956 -0.19860984108555294 0.10026206765137036 2.139926269688307 0.0632526409242962 0.2935967533899592 -0.5240485769398555 -1.4666972648317471 -0.7468600106493728 -2.0505343621486856 -1.2007100227272596 -1.0443906270104277 -1.5935882395946823 -1.1309685947467074 0.12122736070353479 1.1836452851757433 -0.879981822167333 0.5590311349882049 -0.7777243989990212 0.776716235210491 2.7071546551423484 -0.06390845277251667 0.1677655676143373 -0.4865002188142248 0.16892044808972406 -0.49310881176250354 0.6722900729479249
0.36028682263866807 -2.8828895761865443 1.144145001709742 0.1982743668800112 -1.1391533019559057 -1.4995607841594203 1.0555816005633265 0.8671595780919066 0.07598715050044016 -0.39151519813085905 0.11656498789690835 0.2844305942203211 0.19317015180834918 -0.4128262405598933 -1.2364484103226967 0.5451453958405502 -0.7755632528719293 0.4982480146626116 -0.6500483494057578 -0.12677851919106908 0.3690361982714563 -1.233934312025899 -0.8376829272112911 0.8266472539590247 -0.004825075429014267 0.6492437793313002 0.7888332662918888 1.0526737682621174 -0.21858671796892748 -0.343640087267046 0.7126784455807136 0.16122246338651183
-0.6257126390238305 -1.8770580129923695 0.8156160294482007 -0.46763001446714203 -0.9192394911826804 -0.9514540501312961 0.847779701444265 -0.6845178640681895 -0.001149318888907111 0.19568272195635775 -2.3398298252020595 -1.3080641142219651 0.8671805491933702 0.9317025519178951 -0.265435001520838 0.4956342027026991 -0.45088087187878984 0.9724811432746088 -2.076686628745544 -0.30968201617019986 -0.03565318221132037 -0.23396105837021536 -2.0437205094783426 -0.5462320822307228 -0.7288137318872664 0.37800794794727277 0.15224840707583256 0.25172276168859403 0.562091102868763 -0.09571248337332777 -0.11505710810424678 -1.1419369324580373
0.6941566953040115 0.2850129486373198 0.96993473649962 1.0491299912309888 -1.3177561943614202 0.9460094001714154 -0.5201595786582697 1.7901763611805268 0.024944762335664963 0.8018295549969758 -1.7954619040651987 -0.5437404688658046 1.0727514654779473 1.421944225818033 -1.9377906330669088 -0.032307326007223 0.8481550110323794 -0.2600722167943791 0.3303968171402233 -2.58385962886531 -0.28809982717449467 1.482336582707051 0.49004271344778527 -0.5716931981163463 1.681594349344596 0.46644800379580414 -0.46648822613159335 -0.8339075083935826 -0.029694612382853022 -1.4752961687833326 1.6740888556964668 -0.8197387303263531
-1.5832761365393142 0.9920113124256935 -0.2998469543031299 1.8290784056455314 -1.9017554786806186 0.7423241438891133 -0.19575406162475506 1.2786870121142961 1.3013920434547612 -0.8481189586519654 1.2906943904086814 1.0668066440095825 1.3786823370040107 -0.6310102909478965 -1.0578328964947041 1.4923244848693347 0.665284942147437 -0.7072656337421694 -0.6260730783867507 0.5131704225102474 0.3917452946574088 -0.28368236033993977 -0.2956046037545007 0.4712895896160925 0.8498811843142469 2.337230342110944 0.10192888046836862 -0.19009167250806744 0.3364393279940707 0.37116835293764416 1.153598825620687 0.35734850668271945
-1.0244073284866404 -0.39094654131479584 0.7385174291627061 0.6803672083636267 1.1188154432929878 -0.42474055082135487 -0.010820996329392762 -1.7526223041155642 0.08238782707985175 0.13251632510601563 -1.2707611715769813 1.168050591227292 -0.12072895596075556 0.6258566446892893 0.632912178727211 -1.1653993960835554 1.912358504942652 0.695903406165196 -1.8928583393715164 -0.3373563830641422 2.3718681001100275 -0.8551812533378326 0.04536824030704302 -0.7721855580587784 1.4507379846239574 0.3549608423191796 -0.06733523487781597 0.6858437694608431 -1.0125527654319786 0.5042254706819193 0.7182161879461786 -1.6653690135345567
0.6858043492003271 0.24612304365538595 -0.07371388539601784 0.8911714265113687 -3.0997247922870192 0.43470324322693626 -0.5264532637962466 2.0873706225402455 0.03124313550382568 0.43009210423444477 1.8977338098614327 -0.10875553710038587 -1.0695288129385345 -0.8578463318458351 -1.7139740093799012 -0.6431707711857806 -0.4362178776794149 1.9839782178404266 -0.1803529761101943 -0.17568547461367318 0.1334000630041646 -0.4521376839770027 1.539885148879233 -2.0701041775921474 1.9140299333344954 0.26508601983051583 -0.28569589104700555 -0.6854678608247249 1.77686446534697 -1.5957254661916702 -0.4985848289004516 -1.7249625245134579
-0.9479614690393605 -0.7037938001145111 0.14072227107061958 -2.1600892364713644 0.18359978791599685 -0.8850930063447134 -0.5938867560305614 -0.7750745848240236 -0.46521452499960236 -0.04638033035659614 1.5933637716369358 -0.4157807807977802 -0.3847168524732655 1.2830035623376412 1.3670276248677276 -0.8730154261105942 1.297730671531597 -0.4637508426023136 0.1715491977279553 0.16708945974718228 0.007206762376024314 0.08190734853703163 0.9569862643257079 -0.6759715680457976 -1.1105486021461703 1.1008929360789617 -0.6339791357394264 0.5012170955328611 -0.5091727409068175 -2.3865624875475366 0.8040728209510808 -0.7862010233024725
0.017744630892615187 -0.665591535042747 0.5569692557394642 1.6250001180771048 -1.8084394674916646 0.1897708272266088 0.09365740274770376 -1.211173029418062 -0.4042997191192196 2.6733355516958244 0.34753934082239557 2.2666859526197634 0.4733824622257755 -1.7367921834981674 0.6839079544845452 -0.4546633495068765 -0.7867221784109988 -1.1624717962442657 0.26714277845508927 -1.3350293782070999 0.9535831654878034 -1.3945891680427938 0.5082259612778963 -1.5123868353494057 -1.613146781207362 0.20410945347814446 1.0170150465831331 0.6655679953301875 1.4570674197090612 -0.03555213984486981 0.9561232488553678 0.7265101195950201
0.016571026051739192 -0.5397103438128031 1.9699790302030187 0.7670667407726581 0.825541241285516 -0.1595528562912047 -0.2151093348235521 0.7323814581919557 -0.6518539702970907 -1.2953049799207395 -0.5653905732435491 1.2663287656566857 -0.3805330230796412 -0.5081311272491821 0.12447886355115473 0.16964787992464053 0.6952285203150501 0.05587387914654961 -0.4769693159648238 0.35170606133729443 0.3808383613950982 -0.13692528088041714 -0.7258349508706661 -1.6841385917065637 1.315357518543044 -0.06802846341527599 -0.3366199719760561 0.5289273065170671 -0.04050636578818524 -1.3600076492593751 0.49150891303869737 -0.8573669705400915
0.41497851273800623 0.33043335504398275 1.0216002504017903 1.054087127961092 -0.5591483128262655 0.5542140005497405 0.7002138903710655 -0.31907484684689025 -0.7951360834042872 -1.7286370296375229 1.3647484663364693 0.6219477964005211 -0.495509934235518 0.45093777294381776 0.7031022595365702 -0.4425682729915612 2.8748548145520627 0.7432391029213435 0.4251954828490502 0.793766609397777 0.3378513972854831 -0.7301686832389359 -2.174603444353007 -1.2887000933424453 2.323488917914769 -0.42089861875648915 -1.1411125418938144 -1.248274642698922 1.0048522561888968 0.0752922387087757 -0.04428330547303169 -0.058348469586851526
-2.6044905457651475 0.1654028525051705 0.12686173326960126 -0.28408262213368496 0.9265824939903147 0.8166447902284701 -0.9382350015920138 -0.35478260259871264 1.214856916239821 0.8200544085753494 -0.3095901375014014 0.20650933390048132 0.4631530474765285 -0.0026431517996423487 0.1207590784093256 -0.5450792332767289 1.7206850768362507 -0.30923571452165244 0.2576385199205736 -0.6408329434192119 0.9033245470544733 -0.7038736657117389 -0.5264695893935705 -2.811246380097983 0.5851464532548905 -1.2642128350246231 -0.6109221661629838 -0.07814268127677278 1.210679942560549 0.39272903193833864 -0.5950890442349909 -0.5844161531376733

Matrix 2:
1.7058829359397016 0.9189676470767758 0.4231873273872805 3.4988109351362215 2.1105049064551262 1.0999197594361076 0.3527312897758401 0.8462183083912237 -0.012151345982043111 1.7068912286956754 -0.9497193000211105 0.2280622485935458 0.005792163717381109 1.5049866828779292 0.7709376230296578 0.5081800649718887 1.7722864850583355 1.7402856262412054 -1.0116163364730502 -0.22319325819281507 -0.8757283415237215 -0.27802318771262463 -0.3140979604787509
0.1177032058432987 0.5070787757575698 0.05702717121807171 -0.4786143649010504 0.9177633257814981 1.4907721965055176 0.2261363758365228 -1.4653486618767557 -0.6344479626077488 1.079190550749721 -0.31761519718894105 0.6663391458298188 1.3738985599692346 -0.674884676644352 -2.1096707822157494 -1.869498607259492 2.5070723935204917 -0.6688394875875779 0.08590472652555682 -0.4149234035913562 -1.230184521413698 0.36589224481152477 -0.24540912246522945
-0.2225625887721352 -1.0219172629988718 -0.4410767981454459 1.2231521643186731 -1.3739886667272814 -2.0630123320775207 -0.581285603369761 -1.6993723766138629 0.022223079924699192 0.6820920950997686 -0.1816279179684001 -0.3019234518924506 2.8234888272469423 0.4524156727833013 -0.509434048485059 0.8144175332145055 -0.05912928236870288 1.3069099670391235 -0.3679566456738201 0.0817841640814409 -0.2502495239293048 0.4275174572736593 -0.7951409007766569
-1.0685354789201214 1.7443736503058647 1.0338430019996558 1.6455875035342502 0.30242676981590405 0.46628866298248195 1.272798620298536 -0.34109182388921594 1.3047712828810782 0.7499638494261461 -1.341390623119122 -0.7829960989281219 -1.6248168638025586 -1.7456465359318745 0.9850509916735009 -0.7834047908896817 1.3176283618311444 0.7393514287775752 0.664441078027246 -1.506804397578032 2.3570167821043446 -2.5712831773811096 0.8794014035384067
0.40139757822306116 -0.6617482806600213 0.8039484729843567 -0.7640329523262568 0.3440473963256849 0.516378475169014 -1.093706625543734 0.4028998633435869 0.5710918239471829 0.8153309640870465 -0.06810431751877169 -0.11525404378480557 0.10538531006155308 -2.088703186224212 -0.1028179222450139 -0.6158762066116182 -0.01990498665751947 0.43477964870557667 0.4737504125421243 0.047630972895081884 1.8092568876814823 0.9077638244819533 -0.6343750461510205
1.2834060343577198 0.02333839386318236 -0.34013551694722444 1.5823546838506042 -1.4156813758956985 0.085557996069496 2.6036419773929795 -0.3168558394407744 0.8588189308833009 -0.46142496467313576 0.6957888584085045 -1.7483268705888872 -0.6624654529811006 -1.47315022778073 -0.5989200641738827 -1.1984467182659124 -0.7364564418214341 -0.9544786412452496 0.3647202568761214 -0.5730787534019249 1.3656277262482268 -0.9106991024319676 -1.1747003763686352
-0.15502801320255555 -0.33388401038199106 0.7700754891231943 -0.9579304929767793 1.1978035334487511 0.19306318635306643 -0.8977796297686247 -0.7779455125621639 -0.8793295044989914 1.5674670228577172 1.403870790414708 -1.386922073868573 -1.2870558249822244 -0.12051621628534197 0.3571736317392563 -0.06498494972369676 0.6804996809651475 -0.558848738325864 -0.6186016455527674 1.073374708705033 -0.03154220632359645 -0.6473101202823875 -1.1547307264639033
0.23294596761688077 1.3744455631109096 -0.6684131212871134 0.4371956813605251 1.1439089078268962 0.22198247276806346 1.2546142183455076 -2.0765972955788805 1.3506218381687636 -0.2558609867989087 -0.6691700592851899 0.5950932106095844 0.7901839581301253 0.5736917412303332 0.13552351863520215 -1.0854847297928447 -0.31506019658977596 -2.274820861295754 -0.8325149738967456 0.6396722665937351 0.2257402477593021 -0.32847473246246983 0.015424241149206047
-1.1312086207129806 -0.5996072916464598 -0.16667158929412454 0.4295035217392554 -0.8556200177928257 1.7146395703440644 -0.33426882682874814 -0.8461334768569949 -1.0094021154390278 -1.1699746510879903 -0.14043627827376148 0.44376686311170505 0.6125914462019594 0.6848935853622953 1.5575180059078568 0.4653145477844407 0.06484663236491639 0.22524679378509174 0.8343189818363748 -1.2348848477247572 -0.7449908415756737 0.411556687483417 0.7113299299851973
0.0979348489528566 1.0817852767662823 -0.45820289872856845 -0.6001423083508607 0.47705568038824353 0.3204107888767959 -0.14472230248298756 0.5619419910449368 -0.12304882384298847 0.33886624107925606 1.318389513276365 -0.8938626053373283 1.9019536345426673 1.3731088714618431 -0.7570330163808134 0.029125244513173717 0.05572532599246182 0.6666159369769961 0.0526573273204125 1.6828029195821421 -2.120563516465275 1.9695100672190233 -0.27315378170065363
-0.820127595514724 0.6820854893176338 -0.49245341042966423 -0.8081941599019091 0.11479548392697134 -0.5013804602046537 -0.06163127500286615 -0.8231139728071002 0.056662924424514885 -0.08369067992134675 -0.8510681654272246 -2.23409673859118 0.4182837666548596 1.2168518072095569 -0.6498532651116019 -1.912941978970557 -0.7737330582250398 -1.6441663664793624 0.4314815186588952 0.05360289251394804 1.198035184727068 0.47121174801857046 1.2979785931383263
0.006351240384202525 -0.4192699283340325 -0.13932903459325136 -1.5741707871484627 1.043076713915374 -0.0555910553187741 1.1043450652973603 0.04885769094347782 -1.0962618795352457 -0.7654712623097829 -0.3544660291782749 -0.3590078595339403 -0.13170508041203657 0.6384046131789579 0.6175362671805957 -0.2036875127720865 0.8042932366989363 -0.9437662386320648 -1.6360913744900416 0.1813207207277045 -0.7551736598117026 -0.7523594783029586 -0.3768890815167537
-0.6412950119970615 0.8652187877413308 0.8084028659205588 -0.12812272366624694 0.820211297097671 0.8289419747064806 -0.8228278319461075 0.8151291462422673 -0.816244016144413 -1.434768417186249 -0.3250825688857895 -0.9778849769331157 -0.8461137591974571 0.09944560726864689 0.511494132663905 -0.6929065256084419 0.07979959587532313 1.0138022662779669 -0.06893315402831632 -1.1351178869220797 -0.16085353620864853 -0.7126077494309886 -2.2466584355891714
-1.6530715788034123 0.2574659600246366 -0.2983020404144824 2.1739055431267467 -1.7089408113212161 -0.16036254706001715 0.5066027088848841 -2.659353757399629 -0.02285057956919318 0.058852509967028226 0.3362847640165244 -1.1849992068123447 0.7824772958193019 -0.7399007670410214 -0.6788694300039928 -1.1125878366943553 -1.0510629906027653 0.9353852437823417 -0.5382749889750097 -0.08957648162063277 0.570369900343243 1.3668460769770858 -0.060548483590502605
-1.5863564566311514 -0.4056243073274908 0.3147503779348368 1.1738896250517965 0.10045771051782962 1.337625219817738 0.4322475092625113 -0.8296423558824556 -0.9481306805601286 1.4524583690922446 1.2970650016483225 0.3229778893551591 0.016561773588222906 -1.5653198748822332 0.750547806851416 0.9121988322067329 -0.9449579167789897 1.949984088420045 -0.16671062729490116 0.790724117561153 1.7509438115634095 0.25488289297732364 -2.145543596214619
0.5565362658018093 0.35107522501909616 0.683650051091282 0.38010151357023064 -1.3363948894402722 0.3398758490470962 -0.8764859122991241 1.4815300273169187 0.1368479107563487 1.3719668162551146 0.4716166783842322 -0.9868259517488015 -0.838747886681352 0.05151601916715719 0.9208548744799143 -1.011724075209322 0.0014515990115164265 -0.9232437305746621 -1.449587622833653 0.11883439689217232 0.9624116557950041 1.711584360350496 -0.660633401152277
-0.7359989943343966 0.6971718043634555 0.8793863242118696 -2.7712694841445713 1.59640601051836 0.8082940230036918 1.8266213482240468 1.5853498905143968 0.4301506043583589 -0.7386186483714311 -1.0546180857446534 0.7589995125866533 -1.3316386403453804 0.08248960639720557 0.26896995205383595 -0.20232684480498406 0.6317182638961726 0.09039210622491681 -0.2691888155108639 0.609468303964014 -0.4623196448699936 1.052701208605489 0.25964797114055116
-1.3504813642999842 1.472633301522599 0.679006942502445 0.3910993048463882 -0.5862981183095464 1.1837791490780543 1.219807473215482 1.5915434461692182 -1.2424198378084395 -1.1222656841813559 0.27614130021681205 1.3939286103628221 -0.2792288616970257 0.8697846685491049 0.9691579687097113 -2.2020601796343118 0.2759160233860843 0.09889597703456705 1.808565549696784 -0.37698685071315685 -0.44517331886232536 2.1632872801540657 0.05578337590443703
0.13620558730435606 -0.06983579977051448 0.9993714475343389 -1.4549647338380447 -1.5062818319245102 1.027898692836929 -0.6415393287396983 -0.574805923775496 -0.23078171169394882 -1.17093527577126 0.20790808492030532 1.903952683734726 0.22685343722224593 0.43620790488446454 -1.294263886321775 0.8356646734199698 0.6366049351304466 0.0756588051888816 0.5363032428023705 0.4730700911695693 1.659866461263289 1.0031410881511913 -2.0806425497734664
0.7530515806528449 -0.012929849577011874 -0.5357269646598458 0.3862753751800253 -2.5549024109934693 -0.22019053874894323 -1.811778610145692 0.7251898041648012 1.961333492364947 -0.8200123326489588 1.6686013272470503 1.248274653067722 -0.9396696078477292 1.1206644439691302 -0.01606471015666136 -0.2236602927086355 1.6153208171705618 -0.7226340402992522 -0.12212890237715145 0.08166333449919336 1.7458892582927383 -0.03896015935955945 -1.2128616623908466
0.23425342411367311 -0.25531836933257696 0.9003171924169117 0.48497140608684464 -0.22957569235416944 -1.8704515281175875 0.8262073168907068 -1.8851965101639352 1.2553754928739567 -1.1551106947388095 1.3714326218447463 0.4683328823808729 -1.0223375742021243 -1.2864458614936427 0.5407771028898939 0.4821638634618786 -0.8197716889873405 0.483053292917169 -0.22436081197993338 1.3497061984901044 -0.7221422946164772 0.6797986702802449 -0.41105216381742216
-0.9552070913451516 -1.0729829438538643 -0.5792818127860602 -0.3245709827120523 -0.5670703900668954 0.38735867284468717 2.4325207840544723 -0.9814502106663812 1.2189366142570488 0.5477394929756852 2.7074185448731423 -1.1141627849605589 -0.28492645038954195 0.8660666699978243 -0.6271642229453255 0.3644470360109032 0.2840030183432417 -1.3567461240289305 0.7397813867860753 -1.1613358023025482 1.1454225007383385 0.6431852577758284 -1.4068529389538118
-0.750878679184844 0.10306262122708479 0.5073674915271141 0.5172867860965119 0.03704269593312626 0.40180277412431054 1.1837576462092696 1.8972703141344776 -0.024580222768193653 -0.569561115903033 0.1474296256761395 -0.8845778415370756 -0.12604480721123273 0.2788377128333649 -0.8689286350906823 -0.5432725942207788 -0.19835562002525095 0.6137902159035161 0.3462888198617316 -0.8007958548728833 0.6659259701295068 -1.5084210659533595 -0.4298541231054243
1.661420357465112 -0.8360780220973381 -0.07758381592895017 0.6225493276273014 0.38527891068872416 -1.745746770940958 0.6284867894970823 0.03828232376656642 0.2591315554519402 0.0251445969950486 -0.13110037902776459 -0.42601033246500264 0.1377029483699101 -0.08497760593593044 -0.44727706202978984 0.155514973813386 -1.04970652556597 0.0448023684500639 0.71109474426629 0.523836133800537 0.03466913310569373 -0.23832852935567853 -0.5827266519710482
-0.3199491189234865 -1.06660948869375 -0.2604865262089373 0.9275340528134662 -0.5060070830093264 1.3300688100025084 -0.0735195989795464 -0.36056333285860165 -0.30440936175899586 1.6211183950467143 -0.06855290027612987 -0.6902956050561689 0.265859932959733 0.2897954963575706 1.0980596030334702 -1.6888566356130579 -0.5695060394985038 -1.3848641351374864 0.23623268057677568 -0.14503746569250875 -0.5057981127713023 0.8599339827715551 0.7410149366559174
-0.22747222692620586 -1.4226848001851653 0.508379909063804 -1.4846797337654143 0.40686710583078917 1.555960258960075 0.7221809188612127 0.3138854452492351 0.7437799957231152 0.017938224338756338 -0.8144264194867625 -0.22075695704979045 -1.6646195302067894 -0.9939524945150755 1.1157628467655767 -0.4844109365081243 0.041905426504192704 -0.368782922596126 -1.169207597924925 0.02817948860180078 -2.37470529825226 -0.9673093496642624 -0.10216502485711629
0.20484988468561727 1.9650139120351737 -0.6699457575752744 -0.6345137482330393 0.03091655231831635 -0.9880797427837437 0.004492118188584201 0.7650344206895775 -0.6261325811452253 0.9652407491334575 1.052624966755984 0.051384369966489304 -0.024390717031976514 0.6330336831372978 0.14239591500815615 1.1988024217081021 1.1089034279778673 1.307740958510009 1.0756589063049562 0.0775607376064568 -1.3132993936510196 0.9700174981239528 -1.3300239096642963
0.1844100840725255 0.9707981737205886 0.7737367448830539 0.42140812046694465 0.803212575442595 -1.6125353136289031 0.5376925859733989 0.7358482074311067 0.4150741622974553 0.44044057225782335 0.16435234286989883 0.4475148098578516 -1.0682444214113158 -0.7136089339111802 -1.357134212599079 1.011928972276375 1.314859364430087 -0.8611965772896121 1.2894151476872728 -0.012406851100903754 0.3503708496815579 0.6260835780695794 1.170730484803055
-0.45663093374200503 -1.2285945828346774 -0.5145008393258743 0.4295296049136591 0.5866854525486291 0.20691239354494034 2.3061371979750755 0.7985406563253632 -1.344404131708465 -0.7034914186225163 -0.6173707967561033 -0.6839190446004877 0.4721771097870039 -1.177027742642416 -0.5290077577406554 -1.5110291256128818 0.36947999249390046 -0.14637784615207783 -0.0945767873204419 -0.4171683983116912 0.9124256916074835 -0.6184693883158631 1.5823882665977087
-1.3225750302892985 1.31960065771596 -1.0057272410390727 -0.2984039632498306 -1.1518211434436616 -1.136986093876096 0.5682917036884216 1.4143075132332221 0.9592170517209603 0.6522070160883339 0.8341437109973563 -0.20704765761816996 0.7813909039087145 0.7035547703974525 -0.9987200544230512 -0.14355491307673754 1.6046643121152477 0.9105229987711971 -0.4163639051917802 0.031503773248034765 -1.8588431579515856 -1.5719881140682415 0.00641532182452564
0.36422112828181974 1.478175229820517 0.021239287629565142 1.4614227697746078 0.21334668313308885 2.445136294617036 0.029434711861536948 -0.6581827975764027 -0.13835571819833456 -0.7515195869091559 -0.6579124294624902 -0.16337664052160067 -0.20757502183858062 0.37860961789866976 -1.3128924626985623 -0.022467682203412484 -0.14967646336153315 -1.9713724697636141 0.09870382264870221 0.5883413980488976 2.1726609405602497 1.271340416886455 -0.8914143755479608
0.7252455080625968 1.5844788602546092 -1.9314246622622055 -1.2672309971208044 0.30439634690646683 0.6760412079673028 0.8907605547047163 -0.7345680955519911 0.12893190927131717 0.3946508883271267 -3.0069765853909685 0.6261842279044576 -1.0440064923704366 -0.1823622488360039 -0.11075267243324838 0.9492885670783627 0.6243803666677472 0.711769541133316 0.6767077659875724 -3.3406214706311075 1.136366802985785 -0.7314157514127944 -0.9367573309022524

Matrix 3:
0.8635284575132001
1.8413548737960221
0.21014612285567125
-1.9291701672539554
-0.34982062940481345
-0.564276925582778
-0.8132821623533536
0.742386794656675
1.1762809809540529
0.2564287161848997
1.5774180887501876
0.9554311986337067
0.15941527619199553
1.7266023140781366
-1.4738970060539323
-0.2950717259531013
1.4561370332938857
1.0358328402082928
0.46123882995736526
-0.5069323266434183
0.599909726655064
-0.5820473784216031
-1.7415161077397479

biases 1:
1.202047932259294 -0.12641079041033135 1.3203078234307222 -0.036529971962216426 -0.13948195024254598 0.5439732476142837 -1.5089590242696778 0.4860321975316653 0.527061747429116 2.0750383937176027 0.9246812512967931 -0.08656992232071917 -1.1407006220342701 0.11649399021228246 -0.23061767465788727 -0.34308953800560127 0.27679369515362695 1.690389967352435 -0.453131781055229 0.39477150425367885 -1.6144957173581027 3.767458167276555 1.4189278254311994 -0.47654892060143506 -1.0265667507260305 -1.60554476274525 -1.6824262195025623 -0.6272832157760236 -0.08392033431753997 3.3881141858566983 0.6165635411859125 -1.1128059986365026

biases 2:
-0.6413674059883431 -0.20913531955264592 -1.6764221753699355 0.3213809740199821 -0.3848995333251336 -0.07800559440976883 0.9936739896345342 -1.2932974549499408 -0.7636236287300842 -0.4675463999580829 -1.165432629037482 -0.24547778325697261 -1.5402053005776375 -0.8381392154574308 0.7502873699503092 0.7416955989831007 -0.5571014010592733 1.2164907858639287 0.1528483984479623 1.1883370189490532 0.4191515530538022 -0.07651914735376877 -1.2961997957171707

biases 3:
-0.35508083880637836

